5.397294759750366211e-01 -1.577493995428085327e-01 1.611536860466003418e+00
-1.302140712738037109e+00 1.256417781114578247e-01 4.954071044921875000e-01
1.091882705688476562e+00 -2.454278618097305298e-01 8.713654875755310059e-01
9.095644354820251465e-01 4.549374878406524658e-01 -1.957916282117366791e-02
5.801675915718078613e-01 8.163895010948181152e-01 8.746866583824157715e-01
1.104371786117553711e+00 -1.708346754312515259e-01 2.145680189132690430e+00
7.607001066207885742e-02 3.053826987743377686e-01 -3.915572464466094971e-01
-2.303868830204010010e-01 -3.205250501632690430e-01 -1.755655884742736816e+00
2.540167331695556641e+00 -9.786380529403686523e-01 1.285066753625869751e-01
9.054023623466491699e-01 7.938603758811950684e-01 2.093526422977447510e-01
1.049950003623962402e+00 1.483876228332519531e+00 -1.048501729965209961e+00
1.960089683532714844e+00 -1.409071683883666992e-01 8.333387374877929688e-01
2.648653030395507812e+00 7.781056165695190430e-01 2.185744047164916992e+00
-2.089076191186904907e-01 2.508643865585327148e+00 1.331937789916992188e+00
-2.346154302358627319e-01 -2.545582652091979980e-01 6.482417583465576172e-01
9.390569329261779785e-01 1.540281176567077637e+00 1.318314552307128906e+00
-2.627727985382080078e+00 1.345153331756591797e+00 1.321801692247390747e-01
3.733345270156860352e-01 -7.124576568603515625e-01 1.001632690429687500e+00
-5.492483377456665039e-01 -5.375754833221435547e-01 -5.863826870918273926e-01
-6.383528113365173340e-01 1.594761759042739868e-01 9.190010428428649902e-01
3.442553281784057617e-01 -5.762189626693725586e-01 -2.562381327152252197e-01
-1.007502675056457520e+00 -6.011728048324584961e-01 8.423663377761840820e-01
5.948526859283447266e-01 4.882555603981018066e-01 -3.517843782901763916e-01
7.896956056356430054e-02 -1.230684161186218262e+00 1.691376715898513794e-01
-5.902306437492370605e-01 -7.903592586517333984e-01 -1.108690023422241211e+00
-1.066867709159851074e+00 1.106889545917510986e-01 -6.397892236709594727e-01
-3.387237787246704102e-01 -9.358114600181579590e-01 -1.284952282905578613e+00
8.902967572212219238e-01 -3.090798258781433105e-01 -7.650394439697265625e-01
-7.690558582544326782e-02 1.680095911026000977e+00 1.450036883354187012e+00
3.056959390640258789e+00 3.087483346462249756e-01 8.940477967262268066e-01
2.688467741012573242e+00 -2.826904058456420898e-01 1.543424725532531738e-01
4.112626314163208008e-01 1.920571088790893555e+00 -6.254911422729492188e-01
-6.893005371093750000e-01 -5.215855836868286133e-01 -1.151581645011901855e+00
-1.209690809249877930e+00 -6.971123814582824707e-02 1.109656810760498047e+00
-8.515018224716186523e-01 -5.791684985160827637e-01 1.166628360748291016e+00
-3.023639619350433350e-01 5.148947834968566895e-01 -4.135405421257019043e-01
1.108843445777893066e+00 -1.243012666702270508e+00 1.311931848526000977e+00
1.340159654617309570e+00 -1.728748083114624023e-01 -1.037737607955932617e+00
4.263058602809906006e-01 2.888149261474609375e+00 -2.235205620527267456e-01
6.977728009223937988e-02 5.599110722541809082e-01 1.766385436058044434e-01
-1.515461206436157227e+00 8.643551468849182129e-01 -4.474359154701232910e-01
-8.166105151176452637e-01 3.891288936138153076e-01 1.094912290573120117e+00
1.352099895477294922e+00 2.508902847766876221e-01 -1.031704187393188477e+00
-9.317209720611572266e-01 1.196623206138610840e+00 1.930827140808105469e+00
8.800261020660400391e-01 -2.791729867458343506e-01 -2.303335666656494141e-01
4.532347619533538818e-01 4.698691666126251221e-01 -1.194628179073333740e-01
-1.372397422790527344e+00 4.309277832508087158e-01 9.839888811111450195e-01
-3.139908611774444580e-01 9.547062218189239502e-03 2.135881781578063965e-01
-2.119762748479843140e-01 2.578260600566864014e-01 5.057523846626281738e-01
3.377780318260192871e-01 -8.041426539421081543e-01 1.253884732723236084e-01
3.999652862548828125e-01 -2.049035072326660156e+00 2.898074686527252197e-01
-8.410466462373733521e-02 -2.714638710021972656e-01 -2.444384545087814331e-01
1.329661130905151367e+00 2.404829502105712891e+00 -7.575780749320983887e-01
1.191056132316589355e+00 9.615599513053894043e-01 5.945797562599182129e-01
1.246918961405754089e-01 6.451786160469055176e-01 -1.328915596008300781e+00
1.226335525512695312e+00 8.520429730415344238e-01 3.269750475883483887e-01
-9.805152416229248047e-01 3.157521714456379414e-04 -8.857842087745666504e-01
1.330431699752807617e+00 -8.798171281814575195e-01 6.965584158897399902e-01
-1.004581928253173828e+00 1.072884321212768555e+00 -1.373966813087463379e+00
1.816649675369262695e+00 4.483205080032348633e-01 -5.940117239952087402e-01
2.607329189777374268e-01 1.733576297760009766e+00 -8.703616261482238770e-01
-9.392160177230834961e-01 -1.488812923431396484e+00 1.080746576189994812e-01
-1.681850552558898926e-01 -4.743335545063018799e-01 1.272093057632446289e+00
-1.186236739158630371e+00 1.268708705902099609e+00 1.677523612976074219e+00
-1.087936043739318848e+00 -1.767797708511352539e+00 1.321859359741210938e-01
-3.170870840549468994e-01 1.258826851844787598e+00 5.593814849853515625e-01
-4.420697391033172607e-01 -6.249915957450866699e-01 1.642665028572082520e+00
-5.596680566668510437e-02 6.686164736747741699e-01 -1.723028123378753662e-01
-3.409279584884643555e-01 4.273846447467803955e-01 -1.567695021629333496e+00
-1.878197908401489258e+00 4.659852385520935059e-01 2.874989509582519531e-01
-1.391916751861572266e+00 -2.025587320327758789e+00 -3.894078135490417480e-01
-4.679132401943206787e-01 6.622357368469238281e-01 6.543427109718322754e-01
-6.069576144218444824e-01 8.777484893798828125e-01 -8.276611566543579102e-01
-1.403116136789321899e-01 -7.114043831825256348e-02 -1.671529412269592285e+00
4.378129541873931885e-01 -5.858961939811706543e-01 3.064196407794952393e-01
9.041769802570343018e-02 -8.444719910621643066e-01 1.441773623228073120e-01
-1.106183409690856934e+00 -1.952925086021423340e+00 8.697350621223449707e-01
-9.401357173919677734e-01 5.230385661125183105e-01 -6.409438252449035645e-01
7.747121453285217285e-01 3.288296759128570557e-01 5.615776181221008301e-01
-2.290990902110934258e-03 -1.217022180557250977e+00 2.540836572647094727e+00
