1.572895050048828125e+00 -3.868437707424163818e-01 1.937921881675720215e+00
-3.243577182292938232e-01 -1.695799082517623901e-01 -3.052220344543457031e-01
-3.871504589915275574e-02 -4.157471060752868652e-01 -2.506382763385772705e-01
5.456514190882444382e-03 1.633169412612915039e+00 -4.031474292278289795e-01
-4.972852468490600586e-01 -1.764166474342346191e+00 4.550825059413909912e-01
-5.057030916213989258e-01 6.984252333641052246e-01 4.875645786523818970e-02
-6.973087787628173828e-01 -1.394582390785217285e-01 5.329225063323974609e-01
1.657137833535671234e-02 -7.924247533082962036e-02 5.209986492991447449e-02
1.798196077346801758e+00 -1.413094401359558105e+00 -2.518292665481567383e-01
8.270885050296783447e-02 -1.614202976226806641e+00 9.504266977310180664e-01
3.184414803981781006e-01 5.142138004302978516e-01 1.215429697185754776e-02
-6.521698832511901855e-02 -1.322679519653320312e+00 -1.235414266586303711e+00
-5.560662150382995605e-01 3.285829722881317139e-01 -1.233614981174468994e-01
1.028638109564781189e-01 -1.404260754585266113e+00 1.205429196357727051e+00
4.045425355434417725e-01 -1.923278570175170898e+00 1.084903001785278320e+00
6.522426009178161621e-01 2.390395879745483398e+00 1.421386718750000000e+00
8.822796940803527832e-01 -1.121028900146484375e+00 1.222606658935546875e+00
-6.066070795059204102e-01 -1.066809654235839844e+00 -8.291025161743164062e-01
2.551820039749145508e+00 1.055385828018188477e+00 7.781526446342468262e-01
5.727120637893676758e-01 -9.321298450231552124e-02 4.763900339603424072e-01
-3.009235560894012451e-01 1.854266762733459473e+00 -4.278947114944458008e-01
-2.326601594686508179e-01 -2.478701829910278320e+00 3.562796711921691895e-01
-6.136163137853145599e-03 -1.189970135688781738e+00 2.512000322341918945e+00
2.756861150264739990e-01 8.941851854324340820e-01 4.699398577213287354e-02
-4.605158865451812744e-01 -1.091015860438346863e-01 6.176584362983703613e-01
1.336090326309204102e+00 -7.863904535770416260e-02 -1.377923130989074707e+00
1.025698781013488770e+00 -7.194035649299621582e-01 1.988588094711303711e+00
1.216629981994628906e+00 1.231082007288932800e-01 8.962585926055908203e-01
-7.095773816108703613e-01 2.093301340937614441e-02 -2.401749849319458008e+00
1.463806867599487305e+00 1.224493741989135742e+00 -1.674120128154754639e-02
-1.123913526535034180e+00 -1.906889677047729492e+00 1.185851335525512695e+00
1.544138908386230469e+00 -1.967811346054077148e+00 -1.125568985939025879e+00
-6.701871156692504883e-01 -1.779614090919494629e+00 2.670010030269622803e-01
8.218706846237182617e-01 1.327419519424438477e+00 -1.655904769897460938e+00
-1.080435395240783691e+00 1.823084235191345215e+00 -3.103395104408264160e-01
2.969777822494506836e+00 -1.007735729217529297e+00 3.867967128753662109e-01
-1.827207446098327637e+00 9.583932161331176758e-01 -4.632026255130767822e-01
-9.767261147499084473e-01 3.033799231052398682e-01 3.449644744396209717e-01
1.156410813331604004e+00 1.376228332519531250e+00 6.034762859344482422e-01
-2.243040204048156738e-01 6.852750778198242188e-01 -1.111753463745117188e+00
-3.727523386478424072e-01 -4.792051017284393311e-01 -4.767711460590362549e-01
1.218152642250061035e+00 1.901742100715637207e+00 1.186172485351562500e+00
-1.220955252647399902e-01 2.122262001037597656e+00 1.268820762634277344e+00
5.186187028884887695e-01 7.969533801078796387e-01 1.830307096242904663e-01
-8.959336876869201660e-01 -5.026133060455322266e-01 1.187227129936218262e+00
8.269372582435607910e-01 1.270967602729797363e+00 -1.985953450202941895e+00
1.380093574523925781e+00 6.592964529991149902e-01 5.386379733681678772e-02
-8.340443968772888184e-01 -2.095080316066741943e-01 4.078612625598907471e-01
7.701216638088226318e-02 -1.095988869667053223e+00 -1.246661543846130371e+00
1.642374545335769653e-01 8.012520074844360352e-01 -3.482106328010559082e-01
1.774680495262145996e+00 -1.101347327232360840e+00 -7.645000815391540527e-01
-8.093711733818054199e-01 5.849955677986145020e-01 -2.022774368524551392e-01
-6.741192936897277832e-02 6.988595128059387207e-01 7.372727245092391968e-02
9.166466593742370605e-01 1.170290932059288025e-01 1.335561156272888184e+00
-1.129634857177734375e+00 -7.753053307533264160e-01 -5.065819025039672852e-01
5.827897111885249615e-04 5.482903122901916504e-02 -1.545658349990844727e+00
1.415832340717315674e-01 1.671005487442016602e+00 -1.362204253673553467e-01
1.447353512048721313e-01 2.034442871809005737e-01 1.039586424827575684e+00
-2.109763145446777344e+00 -3.114431202411651611e-01 8.176712989807128906e-01
8.675075173377990723e-01 -4.236645996570587158e-01 6.326616741716861725e-03
1.498093366622924805e+00 1.817915439605712891e-01 -2.917963266372680664e-01
-9.339538216590881348e-02 1.113562226295471191e+00 6.258113980293273926e-01
-5.860055088996887207e-01 -3.136260807514190674e-01 -3.561987876892089844e-01
1.292559266090393066e+00 -1.037194132804870605e+00 8.877025246620178223e-01
6.001237630844116211e-01 1.426408410072326660e+00 1.654337719082832336e-02
-1.150979876518249512e+00 -2.018875479698181152e-01 -5.462273359298706055e-01
-5.555242896080017090e-01 1.583786010742187500e+00 1.578863263130187988e+00
6.174339056015014648e-01 -4.726674035191535950e-02 -5.845412611961364746e-01
5.831997990608215332e-01 1.178952217102050781e+00 -5.590720772743225098e-01
1.405942559242248535e+00 1.506582200527191162e-01 5.435439348220825195e-01
-7.987915277481079102e-01 -3.865330219268798828e-01 -1.420798540115356445e+00
-2.030295610427856445e+00 3.755105286836624146e-02 1.378235578536987305e+00
7.419665157794952393e-02 -7.048135399818420410e-01 -8.837037682533264160e-01
-1.332840919494628906e+00 -2.854536771774291992e-01 -4.801611900329589844e-01
-2.371367454528808594e+00 -2.403906174004077911e-02 -1.607435822486877441e+00
-7.344921827316284180e-01 -3.980186283588409424e-01 3.983137905597686768e-01
1.324139833450317383e+00 4.144420921802520752e-01 -4.726133346557617188e-01
-1.009000539779663086e+00 -1.454583048820495605e+00 4.467810690402984619e-01
1.363499760627746582e+00 1.325638145208358765e-01 3.786532878875732422e-01
-7.407681941986083984e-01 9.691053628921508789e-01 -8.250343799591064453e-01
