-8.265950083732604980e-01 -2.055563926696777344e+00 9.589720964431762695e-01
-4.887531995773315430e-01 -2.038495779037475586e+00 4.803480803966522217e-01
4.643491506576538086e-01 -4.756564497947692871e-01 -7.973495721817016602e-01
7.046892642974853516e-01 -4.656458795070648193e-01 -5.396131277084350586e-01
1.016597151756286621e+00 -9.978481531143188477e-01 -2.970836758613586426e-01
-1.091613769531250000e+00 5.630069971084594727e-01 -5.239661931991577148e-01
-1.308186173439025879e+00 -1.035312265157699585e-01 -1.597497940063476562e+00
-1.208662509918212891e+00 -6.900117546319961548e-02 -3.462369143962860107e-01
2.737556397914886475e-01 4.427700042724609375e-01 -7.468977570533752441e-01
8.971958756446838379e-01 -9.192175865173339844e-01 -1.527687311172485352e+00
-1.792227625846862793e+00 1.106400966644287109e+00 -1.833349317312240601e-01
-2.694677412509918213e-01 -5.385308861732482910e-01 4.558979570865631104e-01
-4.983139634132385254e-01 6.367292255163192749e-02 7.992676496505737305e-01
-3.554178774356842041e-01 -3.994460999965667725e-01 -3.071501255035400391e-01
-1.207240223884582520e+00 -6.758965253829956055e-01 -1.216333389282226562e+00
1.299396157264709473e-01 1.302757382392883301e+00 5.006363987922668457e-01
-1.344222307205200195e+00 1.357857227325439453e+00 5.390647053718566895e-02
-5.715555548667907715e-01 -3.346360623836517334e-01 -6.985362619161605835e-02
-1.091188192367553711e+00 4.260723888874053955e-01 8.243947476148605347e-02
1.423071861267089844e+00 2.128110647201538086e+00 5.497600138187408447e-02
6.545625925064086914e-01 -7.592920660972595215e-01 -1.023062586784362793e+00
7.403753995895385742e-01 -2.993238925933837891e+00 -1.392667055130004883e+00
-4.270673692226409912e-01 -2.923182770609855652e-02 -1.053424030542373657e-01
-1.712963700294494629e+00 -4.341032505035400391e-01 2.133087813854217529e-01
8.551897406578063965e-01 -3.754141330718994141e-01 6.439837813377380371e-01
-8.625176548957824707e-01 1.723865985870361328e+00 -8.379959315061569214e-02
-7.918226718902587891e-02 -1.774994373321533203e+00 1.035555839538574219e+00
-1.663565397262573242e+00 -3.075376152992248535e-01 3.516810014843940735e-02
1.046720147132873535e+00 -2.470643520355224609e+00 -7.583713531494140625e-02
3.188919425010681152e-01 1.110886693000793457e+00 -1.351918339729309082e+00
-1.234295725822448730e+00 -1.422795414924621582e+00 9.937046468257904053e-02
8.342195749282836914e-01 2.501772344112396240e-01 6.415403485298156738e-01
-6.662461757659912109e-01 -7.765519618988037109e-02 -1.145692348480224609e+00
-4.826098978519439697e-01 -3.538917303085327148e-01 1.477376669645309448e-01
4.207616150379180908e-01 -2.646182477474212646e-01 -7.466668486595153809e-01
1.909258365631103516e-01 -4.122931957244873047e-01 -1.243470191955566406e+00
-1.650649681687355042e-02 7.383378744125366211e-01 4.492458999156951904e-01
1.501062512397766113e+00 1.635793447494506836e+00 -1.048301339149475098e+00
-1.076680302619934082e+00 -3.043436706066131592e-01 -9.713337421417236328e-01
-1.208058953285217285e+00 -1.702791094779968262e+00 6.682232022285461426e-02
-8.846737146377563477e-01 1.491308450698852539e+00 4.759312793612480164e-02
1.161309242248535156e+00 -6.289836168289184570e-01 -2.111958265304565430e-01
7.147744297981262207e-01 -7.352108955383300781e-01 2.948469221591949463e-01
2.086805999279022217e-01 -2.263733148574829102e-01 1.814558386802673340e+00
-1.570345163345336914e-01 3.563694357872009277e-01 -4.189730882644653320e-01
-2.577903270721435547e-01 3.522622287273406982e-01 2.280134558677673340e-01
8.823128938674926758e-01 1.505367755889892578e+00 5.539734363555908203e-01
-1.528177380561828613e+00 -3.262360990047454834e-01 -1.453848361968994141e+00
1.791776776313781738e+00 -6.074466705322265625e-01 -6.561676859855651855e-01
2.616172432899475098e-01 -1.177874952554702759e-01 -8.049520850181579590e-01
-9.360897541046142578e-02 -6.716175675392150879e-01 -1.232455015182495117e+00
-1.305216103792190552e-01 2.798543870449066162e-01 -1.038369024172425270e-03
-1.324850678443908691e+00 2.183603525161743164e+00 -3.351070582866668701e-01
-9.586762189865112305e-01 -7.843444347381591797e-01 -9.224891662597656250e-01
3.748143911361694336e-01 -7.634860277175903320e-01 1.306391596794128418e+00
9.276221394538879395e-01 3.241008222103118896e-01 9.836314916610717773e-01
-5.553160309791564941e-01 -8.148568272590637207e-01 4.082598388195037842e-01
-1.924948930740356445e+00 1.352338433265686035e+00 3.215181529521942139e-01
-4.628950655460357666e-01 -5.065284371376037598e-01 -1.366043806076049805e+00
5.558415651321411133e-01 -2.023385286331176758e+00 1.756981611251831055e+00
3.259330987930297852e-01 2.366905808448791504e-01 4.877376258373260498e-01
-8.474048972129821777e-02 -6.191056966781616211e-02 4.535987973213195801e-01
8.111265301704406738e-01 1.544211387634277344e+00 -9.141666293144226074e-01
-4.311722517013549805e-01 -1.306932717561721802e-01 -3.507432295009493828e-03
1.794993638992309570e+00 5.741144418716430664e-01 2.028457969427108765e-01
1.533533811569213867e+00 6.514914035797119141e-01 -4.167917668819427490e-01
-3.825591802597045898e-01 -2.197223186492919922e+00 1.645750641822814941e+00
-2.159959793090820312e+00 6.278029084205627441e-01 -3.406338095664978027e-01
-1.127276659011840820e+00 1.027269244194030762e+00 -1.030025005340576172e+00
9.941968321800231934e-01 8.303432464599609375e-01 2.216024398803710938e+00
1.475252628326416016e+00 -5.911826491355895996e-01 2.624469399452209473e-01
7.907848954200744629e-01 -5.050539970397949219e-01 1.557128906250000000e+00
6.509464383125305176e-01 4.600535333156585693e-01 -1.603668332099914551e+00
-5.162371993064880371e-01 -4.210867583751678467e-01 9.244225621223449707e-01
-8.583269119262695312e-01 5.652047395706176758e-01 1.735174417495727539e+00
-2.828326225280761719e-01 -8.439822196960449219e-01 1.543205231428146362e-01
-4.556896984577178955e-01 -4.412801265716552734e-01 3.358301520347595215e-01
-7.819408550858497620e-03 9.589264988899230957e-01 6.117495298385620117e-01
-8.354715704917907715e-01 -7.206803560256958008e-01 -1.346618175506591797e+00
1.369651198387145996e+00 2.856321036815643311e-01 -5.984514355659484863e-01
